45 i- 0.000933
45 Mi 0.000933
39 -  0.000808
39  - 0.000808
34  M 0.000705
19 ：  0.000394
18 0  0.000373
18 -2 0.000373
10 22 0.000207
10  k 0.000207
9 4  0.000187
9 2  0.000187
9 00 0.000187
9 -1 0.000187
9  
 0.000187
9 
  0.000187
8 m
 0.000166
8 -6 0.000166
7 -3 0.000145
7  m 0.000145
6 ]
 0.000124
6 8  0.000124
6 6  0.000124
6  [ 0.000124
6  2 0.000124
5 集] 0.000104
5 設計 0.000104
5 編集 0.000104
5 。
 0.000104
5 Ми 0.000104
5 kg 0.000104
5 [編 0.000104
5 :  0.000104
5 5  0.000104
5 -4 0.000104
5  4 0.000104
5  3 0.000104
4 量： 0.000083
4 計局 0.000083
4 度： 0.000083
4 ヴァ 0.000083
4 ンク 0.000083
4 ミル 0.000083
4 ドゥ 0.000083
4 ター 0.000083
4 た。 0.000083
4 и- 0.000083
4 km 0.000083
4 g
 0.000083
4 V- 0.000083
4 50 0.000083
4 40 0.000083
4 20 0.000083
4 19 0.000083
4 -5 0.000083
3 項目 0.000062
3 関連 0.000062
3 重量 0.000062
3 部隊 0.000062
3 連項 0.000062
3 航空 0.000062
3 空機 0.000062
3 空中 0.000062
3 指揮 0.000062
3 上昇 0.000062
3 ーン 0.000062
3 ーシ 0.000062
3 ヴィ 0.000062
3 ロシ 0.000062
3 ル設 0.000062
3 リン 0.000062
3 リコ 0.000062
3 ミー 0.000062
3 ヘリ 0.000062
3 プタ 0.000062
3 ソ連 0.000062
3 シア 0.000062
3 コプ 0.000062
3 とし 0.000062
3 して 0.000062
3 した 0.000062
3 」( 0.000062
3 「Я 0.000062
3 　　 0.000062
3 ый 0.000062
3 ны 0.000062
3 й  0.000062
3 m/ 0.000062
3 ki 0.000062
3 ik 0.000062
3 97 0.000062
3 9  0.000062
3 6A 0.000062
3 4, 0.000062
3 30 0.000062
3 3  0.000062
3 25 0.000062
3 10 0.000062
3 ,5 0.000062
3 (M 0.000062
3 %E 0.000062
3 %A 0.000062
3  V 0.000062
3  6 0.000062
3 
1 0.000062
3 

 0.000062
2 ）
 0.000041
2 離： 0.000041
2 離陸 0.000041
2 陸重 0.000041
2 限度 0.000041
2 部リ 0.000041
2 速度 0.000041
2 距離 0.000041
2 諸元 0.000041
2 要諸 0.000041
2 航続 0.000041
2 脚注 0.000041
2 能・ 0.000041
2 続距 0.000041
2 積載 0.000041
2 直径 0.000041
2 目  0.000041
2 機体 0.000041
2 概要 0.000041
2 昇限 0.000041
2 揮所 0.000041
2 性能 0.000041
2 径： 0.000041
2 年に 0.000041
2 実用 0.000041
2 外部 0.000041
2 元( 0.000041
2 主要 0.000041
2 中指 0.000041
2 ー・ 0.000041
2 ・主 0.000041
2 ・プ 0.000041
2 ・ド 0.000041
2 ンド 0.000041
2 ョン 0.000041
2 ヤー 0.000041
2 プー 0.000041
2 ヌィ 0.000041
2 ト) 0.000041
2 チ・ 0.000041
2 ズド 0.000041
2 ショ 0.000041
2 シヌ 0.000041
2 クト 0.000041
2 ェー 0.000041
2 ゥー 0.000041
2 ゥヴ 0.000041
2 ィ・ 0.000041
2 ィア 0.000041
2 ア語 0.000041
2 ァー 0.000041
2 ァズ 0.000041
2 れた 0.000041
2 また 0.000041
2 は「 0.000041
2 は、 0.000041
2 はM 0.000041
2 の航 0.000041
2 たは 0.000041
2 され 0.000041
2 」は 0.000041
2 「空 0.000041
2 шн 0.000041
2 хо 0.000041
2 уш 0.000041
2 ун 0.000041
2 т」 0.000041
2 ра 0.000041
2 пу 0.000041
2 он 0.000041
2 оз 0.000041
2 нт 0.000041
2 нк 0.000041
2 ни 0.000041
2 кт 0.000041
2 зд 0.000041
2 зП 0.000041
2 ду 0.000041
2 ан 0.000041
2 Ях 0.000041
2 ПУ 0.000041
2 Вз 0.000041
2 wi 0.000041
2 pe 0.000041
2 ip 0.000041
2 ia 0.000041
2 h
 0.000041
2 ed 0.000041
2 di 0.000041
2 a. 0.000041
2 ^  0.000041
2 ]) 0.000041
2 A9 0.000041
2 A% 0.000041
2 9% 0.000041
2 8% 0.000041
2 70 0.000041
2 7  0.000041
2 44 0.000041
2 35 0.000041
2 31 0.000041
2 27 0.000041
2 24 0.000041
2 2) 0.000041
2 18 0.000041
2 1  0.000041
2 04 0.000041
2 /h 0.000041
2 .^ 0.000041
2 -9 0.000041
2 ,2 0.000041
2 )は 0.000041
2 )  0.000041
2 )
 0.000041
2  関 0.000041
2  脚 0.000041
2  概 0.000041
2  性 0.000041
2  外 0.000041
2  ソ 0.000041
2  「 0.000041
2  п 0.000041
2  1 0.000041
2  ( 0.000041
2 
実 0.000041
2 
出 0.000041
2 
全 0.000041
2 
[ 0.000041
2 
M 0.000041
2 
2 0.000041
1 ；ロ 0.000021
1 ；М 0.000021
1 ）』 0.000021
1 ）」 0.000021
1 （ロ 0.000021
1 （コ 0.000021
1 （W 0.000021
1 （T 0.000021
1 高： 0.000021
1 飛行 0.000021
1 類の 0.000021
1 頭、 0.000021
1 非表 0.000021
1 隠す 0.000021
1 隊配 0.000021
1 隊ま 0.000021
1 隊と 0.000021
1 陸軍 0.000021
1 限界 0.000021
1 闘指 0.000021
1 開発 0.000021
1 長： 0.000021
1 配備 0.000021
1 部積 0.000021
1 過禁 0.000021
1 連製 0.000021
1 連・ 0.000021
1 連の 0.000021
1 通常 0.000021
1 送ヘ 0.000021
1 輸送 0.000021
1 載量 0.000021
1 載燃 0.000021
1 転翼 0.000021
1 軍部 0.000021
1 軍協 0.000021
1 超過 0.000021
1 語） 0.000021
1 語: 0.000021
1 話・ 0.000021
1 計し 0.000021
1 要  0.000021
1 要
 0.000021
1 製の 0.000021
1 製  0.000021
1 表示 0.000021
1 表・ 0.000021
1 表す 0.000021
1 行を 0.000021
1 行う 0.000021
1 行い 0.000021
1 虚重 0.000021
1 航速 0.000021
1 能力 0.000021
1 翼直 0.000021
1 編・ 0.000021
1 紹介 0.000021
1 索  0.000021
1 立案 0.000021
1 空軍 0.000021
1 空虚 0.000021
1 種の 0.000021
1 移動 0.000021
1 称。 0.000021
1 科事 0.000021
1 禁止 0.000021
1 示] 0.000021
1 直接 0.000021
1 目次 0.000021
1 目
 0.000021
1 百科 0.000021
1 発動 0.000021
1 発さ 0.000021
1 略。 0.000021
1 界航 0.000021
1 用航 0.000021
1 用上 0.000021
1 生型 0.000021
1 率： 0.000021
1 燃料 0.000021
1 派生 0.000021
1 注  0.000021
1 注
 0.000021
1 歴ミ 0.000021
1 止速 0.000021
1 次  0.000021
1 機： 0.000021
1 機) 0.000021
1 機  0.000021
1 検索 0.000021
1 案し 0.000021
1 最大 0.000021
1 昇率 0.000021
1 料： 0.000021
1 揮の 0.000021
1 接に 0.000021
1 所（ 0.000021
1 所」 0.000021
1 戦闘 0.000021
1 成し 0.000021
1 成
 0.000021
1 年代 0.000021
1 常離 0.000021
1 巡航 0.000021
1 局紹 0.000021
1 局は 0.000021
1 局の 0.000021
1 局が 0.000021
1 完成 0.000021
1 大離 0.000021
1 大型 0.000021
1 型輸 0.000021
1 型と 0.000021
1 回転 0.000021
1 員： 0.000021
1 呼ば 0.000021
1 名ま 0.000021
1 名
 0.000021
1 同部 0.000021
1 同種 0.000021
1 古称 0.000021
1 協同 0.000021
1 動機 0.000021
1 動: 0.000021
1 力： 0.000021
1 力を 0.000021
1 初飛 0.000021
1 初頭 0.000021
1 出力 0.000021
1 出典 0.000021
1 内部 0.000021
1 典『 0.000021
1 典: 0.000021
1 全高 0.000021
1 全長 0.000021
1 備さ 0.000021
1 作成 0.000021
1 体を 0.000021
1 体は 0.000021
1 代初 0.000021
1 介  0.000021
1 事典 0.000021
1 乗員 0.000021
1 主回 0.000021
1 中で 0.000021
1 与え 0.000021
1 ー直 0.000021
1 ー百 0.000021
1 ール 0.000021
1 ーリ 0.000021
1 ーム 0.000021
1 ーフ 0.000021
1 ーハ 0.000021
1 ーニ 0.000021
1 ード 0.000021
1 ーテ 0.000021
1 ーチ 0.000021
1 ータ 0.000021
1 ース 0.000021
1 ーの 0.000021
1 ー。 0.000021
1 ー、 0.000021
1 ー[ 0.000021
1 ー) 0.000021
1 ー  0.000021
1 ・話 0.000021
1 ・編 0.000021
1 ・歴 0.000021
1 ・ロ 0.000021
1 ・ミ 0.000021
1 ・シ 0.000021
1 ・カ 0.000021
1 ・ウ 0.000021
1 ・ア 0.000021
1 ヴリ 0.000021
1 ント 0.000021
1 ング 0.000021
1 ン, 0.000021
1 ン  0.000021
1 ロー 0.000021
1 ロヴ 0.000021
1 ル・ 0.000021
1 ルロ 0.000021
1 ルプ 0.000021
1 ルビ 0.000021
1 ル2 0.000021
1 リー 0.000021
1 リェ 0.000021
1 リ: 0.000021
1 リ( 0.000021
1 リ  0.000021
1 ラヴ 0.000021
1 ヨー 0.000021
1 ヤ) 0.000021
1 ム  0.000021
1 ミハ 0.000021
1 マー 0.000021
1 マン 0.000021
1 ポス 0.000021
1 ホバ 0.000021
1 ペデ 0.000021
1 ヘル 0.000021
1 プラ 0.000021
1 プシ 0.000021
1 プ] 0.000021
1 フリ 0.000021
1 ファ 0.000021
1 フ) 0.000021
1 ビー 0.000021
1 ビゲ 0.000021
1 バリ 0.000021
1 ハン 0.000021
1 ハイ 0.000021
1 ネー 0.000021
1 ヌイ 0.000021
1 ニヤ 0.000021
1 ナビ 0.000021
1 ドヴ 0.000021
1 ドポ 0.000021
1 ドネ 0.000021
1 ドヌ 0.000021
1 ト） 0.000021
1 ト・ 0.000021
1 ディ 0.000021
1 テー 0.000021
1 テリ 0.000021
1 テゴ 0.000021
1 ツァ 0.000021
1 ッツ 0.000021
1 ソロ 0.000021
1 スト 0.000021
1 スチ 0.000021
1 シェ 0.000021
1 サフ 0.000021
1 ゴリ 0.000021
1 コー 0.000021
1 コマ 0.000021
1 ゲー 0.000021
1 グ上 0.000021
1 ク  0.000021
1 ク
 0.000021
1 キペ 0.000021
1 ガー 0.000021
1 カマ 0.000021
1 カテ 0.000021
1 オプ 0.000021
1 ウプ 0.000021
1 ウィ 0.000021
1 イ・ 0.000021
1 イル 0.000021
1 イア 0.000021
1 ィヨ 0.000021
1 ィキ 0.000021
1 ィガ 0.000021
1 ア（ 0.000021
1 ア類 0.000021
1 アヴ 0.000021
1 アヤ 0.000021
1 アド 0.000021
1 アの 0.000021
1 ァッ 0.000021
1 ァイ 0.000021
1 を表 0.000021
1 を行 0.000021
1 を立 0.000021
1 を与 0.000021
1 わち 0.000021
1 れる 0.000021
1 れら 0.000021
1 れて 0.000021
1 る機 0.000021
1 る。 0.000021
1 り作 0.000021
1 られ 0.000021
1 らは 0.000021
1 より 0.000021
1 まで 0.000021
1 ばれ 0.000021
1 は空 0.000021
1 はル 0.000021
1 は1 0.000021
1 の行 0.000021
1 の略 0.000021
1 の派 0.000021
1 の同 0.000021
1 の古 0.000021
1 のミ 0.000021
1 のヘ 0.000021
1 のM 0.000021
1 に戦 0.000021
1 に初 0.000021
1 にM 0.000021
1 なわ 0.000021
1 と呼 0.000021
1 で直 0.000021
1 であ 0.000021
1 で
 0.000021
1 て開 0.000021
1 て部 0.000021
1 て空 0.000021
1 てい 0.000021
1 ち「 0.000021
1 た機 0.000021
1 た「 0.000021
1 すな 0.000021
1 す。 0.000021
1 す] 0.000021
1 これ 0.000021
1 が設 0.000021
1 えら 0.000021
1 う能 0.000021
1 いた 0.000021
1 い、 0.000021
1 ある 0.000021
1 』
 0.000021
1 『ウ 0.000021
1 」を 0.000021
1 」よ 0.000021
1 」の 0.000021
1 「в 0.000021
1 「В 0.000021
1 「h 0.000021
1 。完 0.000021
1 。大 0.000021
1 。こ 0.000021
1 。「 0.000021
1 、陸 0.000021
1 、ミ 0.000021
1 、ソ 0.000021
1 、サ 0.000021
1 、す 0.000021
1 、1 0.000021
1 　  0.000021
1 я」 0.000021
1 ь  0.000021
1 ци 0.000021
1 ца 0.000021
1 фи 0.000021
1 уп 0.000021
1 тヴ 0.000021
1 тр 0.000021
1 та 0.000021
1 т  0.000021
1 пр 0.000021
1 ом 0.000021
1 ол 0.000021
1 ок 0.000021
1 од 0.000021
1 не 0.000021
1 нд 0.000021
1 мо 0.000021
1 ма 0.000021
1 ль 0.000021
1 ло 0.000021
1 ле 0.000021
1 ко 0.000021
1 ка 0.000021
1 к  0.000021
1 ия 0.000021
1 иц 0.000021
1 иф 0.000021
1 ил 0.000021
1 ик 0.000021
1 ии 0.000021
1 и: 0.000021
1 ен 0.000021
1 еб 0.000021
1 дн 0.000021
1 ди 0.000021
1 го 0.000021
1 во 0.000021
1 вл 0.000021
1 ба 0.000021
1 ац 0.000021
1 ат 0.000021
1 ав 0.000021
1 а: 0.000021
1 а. 0.000021
1 а  0.000021
1 Яミ 0.000021
1 Я」 0.000021
1 У」 0.000021
1 Уг 0.000021
1 У[ 0.000021
1 Ст 0.000021
1 Да 0.000021
1 Во 0.000021
1 АЯ 0.000021
1 ×  0.000021
1 |  0.000021
1 zP 0.000021
1 tt 0.000021
1 tp 0.000021
1 rg 0.000021
1 p: 0.000021
1 or 0.000021
1 n
 0.000021
1 mi 0.000021
1 kW 0.000021
1 ja 0.000021
1 in 0.000021
1 i/ 0.000021
1 ht 0.000021
1 g/ 0.000021
1 g  0.000021
1 a； 0.000021
1 a） 0.000021
1 a( 0.000021
1 _( 0.000021
1 ]表 0.000021
1 ]  0.000021
1 [非 0.000021
1 [隠 0.000021
1 [ヘ 0.000021
1 [2 0.000021
1 [1 0.000021
1 Ya 0.000021
1 Wi 0.000021
1 W
 0.000021
1 V） 0.000021
1 V（ 0.000021
1 Vz 0.000021
1 U( 0.000021
1 TV 0.000021
1 TO 0.000021
1 TD 0.000021
1 PU 0.000021
1 PP 0.000021
1 PN 0.000021
1 P  0.000021
1 Oコ 0.000021
1 NP 0.000021
1 NA 0.000021
1 Ja 0.000021
1 GT 0.000021
1 F) 0.000021
1 E8 0.000021
1 E7 0.000021
1 E6 0.000021
1 D- 0.000021
1 D  0.000021
1 BV 0.000021
1 BA 0.000021
1 Aの 0.000021
1 AY 0.000021
1 AT 0.000021
1 AJ 0.000021
1 AA 0.000021
1 :М 0.000021
1 :/ 0.000021
1 9F 0.000021
1 90 0.000021
1 9. 0.000021
1 9- 0.000021
1 88 0.000021
1 86 0.000021
1 75 0.000021
1 73 0.000021
1 7, 0.000021
1 7% 0.000021
1 6В 0.000021
1 6А 0.000021
1 6V 0.000021
1 62 0.000021
1 60 0.000021
1 6. 0.000021
1 6, 0.000021
1 6% 0.000021
1 5年 0.000021
1 5名 0.000021
1 5V 0.000021
1 58 0.000021
1 54 0.000021
1 52 0.000021
1 5. 0.000021
1 5) 0.000021
1 49 0.000021
1 46 0.000021
1 42 0.000021
1 3年 0.000021
1 38 0.000021
1 36 0.000021
1 34 0.000021
1 33 0.000021
1 32 0.000021
1 3. 0.000021
1 3, 0.000021
1 2； 0.000021
1 2ミ 0.000021
1 2と 0.000021
1 2_ 0.000021
1 2] 0.000021
1 2G 0.000021
1 2B 0.000021
1 28 0.000021
1 26 0.000021
1 2. 0.000021
1 2, 0.000021
1 2( 0.000021
1 2" 0.000021
1 1] 0.000021
1 17 0.000021
1 16 0.000021
1 15 0.000021
1 14 0.000021
1 13 0.000021
1 12 0.000021
1 11 0.000021
1 1. 0.000021
1 1- 0.000021
1 1, 0.000021
1 0年 0.000021
1 0名 0.000021
1 09 0.000021
1 05 0.000021
1 0, 0.000021
1 /w 0.000021
1 /m 0.000021
1 /j 0.000021
1 /M 0.000021
1 // 0.000021
1 .w 0.000021
1 .o 0.000021
1 .8 0.000021
1 .3 0.000021
1 .1 0.000021
1 .0 0.000021
1 .  0.000021
1 -8 0.000021
1 -7 0.000021
1 -0 0.000021
1 ,4 0.000021
1 ,3 0.000021
1 ,1 0.000021
1 ,0 0.000021
1 ,  0.000021
1 +  0.000021
1 )製 0.000021
1 )ま 0.000021
1 )と 0.000021
1 )で 0.000021
1 )」 0.000021
1 )、 0.000021
1 (航 0.000021
1 (ヴ 0.000021
1 (ヤ 0.000021
1 (ミ 0.000021
1 (ソ 0.000021
1 (С 0.000021
1 (М 0.000021
1 (В 0.000021
1 (% 0.000021
1 %B 0.000021
1 %9 0.000021
1 %8 0.000021
1 "М 0.000021
1 "  0.000021
1  （ 0.000021
1  設 0.000021
1  検 0.000021
1  ミ 0.000021
1  ヘ 0.000021
1  フ 0.000021
1  ナ 0.000021
1  オ 0.000021
1  ア 0.000021
1  у 0.000021
1  н 0.000021
1  м 0.000021
1  к 0.000021
1  М 0.000021
1  Д 0.000021
1  × 0.000021
1  | 0.000021
1  P 0.000021
1  N 0.000021
1  D 0.000021
1  9 0.000021
1  5 0.000021
1  + 0.000021
1  " 0.000021
1 
限 0.000021
1 
関 0.000021
1 
通 0.000021
1 
超 0.000021
1 
空 0.000021
1 
積 0.000021
1 
移 0.000021
1 
目 0.000021
1 
発 0.000021
1 
最 0.000021
1 
巡 0.000021
1 
内 0.000021
1 
乗 0.000021
1 
主 0.000021
1 
上 0.000021
1 
ホ 0.000021
1 
テ 0.000021
1 
カ 0.000021
1 
「 0.000021
1 
　 0.000021
1 
У 0.000021
1 
5 0.000021
1 
4 0.000021
1 
3 0.000021
