75  1 0.000463
63 19 0.000389
60  
 0.000371
49    0.000303
31 鉄  0.000191
27 3  0.000167
22 0  0.000136
21 3% 0.000130
19 近鉄 0.000117
19 5  0.000117
18 6  0.000111
17 %E 0.000105
17  2 0.000105
16 ヨタ 0.000099
16 トヨ 0.000099
16 タ自 0.000099
16 −3 0.000099
16  近 0.000099
15 1  0.000093
15  ト 0.000093
14 製鉄 0.000086
14 自工 0.000086
14 幡製 0.000086
14 八幡 0.000086
14 7  0.000086
14  八 0.000086
13 99 0.000080
13 95 0.000080
13 9  0.000080
13 8  0.000080
13 %8 0.000080
12 鋼  0.000074
12 鉄釜 0.000074
12 釜石 0.000074
12 製鋼 0.000074
12 神戸 0.000074
12 戸製 0.000074
12 4  0.000074
12 2  0.000074
12  神 0.000074
12  東 0.000074
12 
2 0.000074
11 日鉄 0.000068
11 新日 0.000068
11 ー  0.000068
11 ント 0.000068
11 リー 0.000068
11 −1 0.000068
11 9− 0.000068
11 98 0.000068
11 97 0.000068
11 96 0.000068
11 83 0.000068
11 
4 0.000068
11 
3 0.000068
11 
1 0.000068
10 石  0.000062
10 工  0.000062
10 −0 0.000062
10 E3 0.000062
10  新 0.000062
10  3 0.000062
9 電機 0.000056
9 洋電 0.000056
9 機  0.000056
9 日本 0.000056
9 大会 0.000056
9 三洋 0.000056
9 %B 0.000056
9  三 0.000056
8 芝府 0.000049
8 東芝 0.000049
8 府中 0.000049
8 中  0.000049
8 ーム 0.000049
8 ラグ 0.000049
8 ビー 0.000049
8 チー 0.000049
8 サン 0.000049
8 グビ 0.000049
8 20 0.000049
8 15 0.000049
7 選手 0.000043
7 手権 0.000043
7 優勝 0.000043
7 トリ 0.000043
7 7− 0.000043
7 00 0.000043
7 
5 0.000043
6 車  0.000037
6 自動 0.000037
6 動車 0.000037
6 。
 0.000037
6 −2 0.000037
6 8− 0.000037
6 6− 0.000037
6 27 0.000037
6 %A 0.000037
6 %9 0.000037
6  サ 0.000037
6 

 0.000037
5 本選 0.000031
5 京都 0.000031
5 ール 0.000031
5 リコ 0.000031
5 コー 0.000031
5 た。 0.000031
5 −6 0.000031
5 C% 0.000031
5 5− 0.000031
5 5% 0.000031
5 4− 0.000031
5 4% 0.000031
5 3− 0.000031
5 13 0.000031
4 都  0.000025
4 菱自 0.000025
4 決勝 0.000025
4 東京 0.000025
4 朝日 0.000025
4 工京 0.000025
4 出場 0.000025
4 京三 0.000025
4 三菱 0.000025
4 ット 0.000025
4 では 0.000025
4 BC 0.000025
4 94 0.000025
4 31 0.000025
4 2− 0.000025
4 1− 0.000025
4 16 0.000025
4 11 0.000025
4 -  0.000025
4  リ 0.000025
4  - 0.000025
3 集] 0.000019
3 進出 0.000019
3 編集 0.000019
3 社会 0.000019
3 放送 0.000019
3 勝。 0.000019
3 勝  0.000019
3 全国 0.000019
3 会人 0.000019
3 両チ 0.000019
3 ーフ 0.000019
3 ーナ 0.000019
3 ーグ 0.000019
3 ーが 0.000019
3 メン 0.000019
3 ム優 0.000019
3 ボー 0.000019
3 フッ 0.000019
3 ナメ 0.000019
3 トー 0.000019
3 トボ 0.000019
3 ップ 0.000019
3 の大 0.000019
3 が日 0.000019
3 から 0.000019
3 −5 0.000019
3 ki 0.000019
3 ik 0.000019
3 ]
 0.000019
3 [編 0.000019
3 E5 0.000019
3 E4 0.000019
3 A% 0.000019
3 :  0.000019
3 50 0.000019
3 29 0.000019
3 28 0.000019
3 26 0.000019
3 25 0.000019
3 24 0.000019
3 22 0.000019
3 18 0.000019
3 17 0.000019
3 14 0.000019
3 10 0.000019
3 0− 0.000019
3  両 0.000019
3  [ 0.000019
3  6 0.000019
3 
  0.000019
2 電力 0.000012
2 石が 0.000012
2 況を 0.000012
2 権進 0.000012
2 本の 0.000012
2 担当 0.000012
2 戦の 0.000012
2 年度 0.000012
2 年シ 0.000012
2 州電 0.000012
2 実況 0.000012
2 場で 0.000012
2 国社 0.000012
2 勝戦 0.000012
2 力  0.000012
2 出  0.000012
2 位チ 0.000012
2 会の 0.000012
2 会  0.000012
2 人ラ 0.000012
2 九州 0.000012
2 上位 0.000012
2 ー場 0.000012
2 ーズ 0.000012
2 ンサ 0.000012
2 ンか 0.000012
2 レビ 0.000012
2 ル大 0.000012
2 ムが 0.000012
2 ビ朝 0.000012
2 ナウ 0.000012
2 トッ 0.000012
2 テレ 0.000012
2 ズン 0.000012
2 シー 0.000012
2 サー 0.000012
2 ウン 0.000012
2 アナ 0.000012
2 を担 0.000012
2 れた 0.000012
2 より 0.000012
2 まで 0.000012
2 の上 0.000012
2 のア 0.000012
2 ない 0.000012
2 ため 0.000012
2 した 0.000012
2 され 0.000012
2 が実 0.000012
2 −8 0.000012
2 −7 0.000012
2 |  0.000012
2 wi 0.000012
2 pe 0.000012
2 ip 0.000012
2 ia 0.000012
2 ed 0.000012
2 di 0.000012
2 a. 0.000012
2 BA 0.000012
2 B% 0.000012
2 A4 0.000012
2 9A 0.000012
2 93 0.000012
2 88 0.000012
2 85 0.000012
2 82 0.000012
2 8% 0.000012
2 7% 0.000012
2 57 0.000012
2 55 0.000012
2 54 0.000012
2 53 0.000012
2 52 0.000012
2 51 0.000012
2 49 0.000012
2 48 0.000012
2 39 0.000012
2 38 0.000012
2 37 0.000012
2 36 0.000012
2 35 0.000012
2 32 0.000012
2 23 0.000012
2 21 0.000012
2 12 0.000012
2 02 0.000012
2  日 0.000012
2  九 0.000012
2  | 0.000012
2  5 0.000012
1 ）を 0.000006
1 ）は 0.000006
1 ）が 0.000006
1 ）』 0.000006
1 （当 0.000006
1 （リ 0.000006
1 （ぜ 0.000006
1 （W 0.000006
1 関西 0.000006
1 開催 0.000006
1 録  0.000006
1 鉄花 0.000006
1 鉄も 0.000006
1 重工 0.000006
1 配炭 0.000006
1 都市 0.000006
1 部リ 0.000006
1 選プ 0.000006
1 選で 0.000006
1 送の 0.000006
1 送さ 0.000006
1 送  0.000006
1 退し 0.000006
1 辞退 0.000006
1 谷藤 0.000006
1 設の 0.000006
1 記録 0.000006
1 解消 0.000006
1 覧
 0.000006
1 西日 0.000006
1 西、 0.000006
1 行い 0.000006
1 藤機 0.000006
1 花園 0.000006
1 聞社 0.000006
1 考  0.000006
1 績一 0.000006
1 継で 0.000006
1 継い 0.000006
1 結果 0.000006
1 組に 0.000006
1 組2 0.000006
1 索  0.000006
1 系列 0.000006
1 競技 0.000006
1 移動 0.000006
1 秩父 0.000006
1 科事 0.000006
1 社の 0.000006
1 直接 0.000006
1 的な 0.000006
1 百科 0.000006
1 発展 0.000006
1 現存 0.000006
1 父宮 0.000006
1 炭公 0.000006
1 準優 0.000006
1 消し 0.000006
1 毎年 0.000006
1 歴代 0.000006
1 機械 0.000006
1 権成 0.000006
1 権大 0.000006
1 権出 0.000006
1 権を 0.000006
1 権も 0.000006
1 権に 0.000006
1 模様 0.000006
1 様を 0.000006
1 検索 0.000006
1 械  0.000006
1 枠が 0.000006
1 果  0.000006
1 東日 0.000006
1 杯→ 0.000006
1 本ラ 0.000006
1 本、 0.000006
1 期な 0.000006
1 最後 0.000006
1 替出 0.000006
1 時期 0.000006
1 映  0.000006
1 日系 0.000006
1 日新 0.000006
1 日放 0.000006
1 日の 0.000006
1 新聞 0.000006
1 数4 0.000006
1 接的 0.000006
1 拡張 0.000006
1 抽選 0.000006
1 技大 0.000006
1 所  0.000006
1 戦） 0.000006
1 成績 0.000006
1 成
 0.000006
1 得た 0.000006
1 後継 0.000006
1 後の 0.000006
1 役所 0.000006
1 役割 0.000006
1 当初 0.000006
1 当し 0.000006
1 当。 0.000006
1 張さ 0.000006
1 引き 0.000006
1 度ま 0.000006
1 度  0.000006
1 年交 0.000006
1 市役 0.000006
1 工も 0.000006
1 川崎 0.000006
1 崎重 0.000006
1 展解 0.000006
1 富士 0.000006
1 宮ラ 0.000006
1 完全 0.000006
1 学  0.000006
1 存し 0.000006
1 字は 0.000006
1 奔別 0.000006
1 太字 0.000006
1 大映 0.000006
1 外部 0.000006
1 士鉄 0.000006
1 場権 0.000006
1 場枠 0.000006
1 場は 0.000006
1 場し 0.000006
1 場  0.000006
1 地区 0.000006
1 園ラ 0.000006
1 国ネ 0.000006
1 団  0.000006
1 回  0.000006
1 各組 0.000006
1 友奔 0.000006
1 区リ 0.000006
1 化学 0.000006
1 勝記 0.000006
1 勝ト 0.000006
1 勝チ 0.000006
1 動: 0.000006
1 創設 0.000006
1 割を 0.000006
1 前は 0.000006
1 別  0.000006
1 初は 0.000006
1 列全 0.000006
1 分け 0.000006
1 出典 0.000006
1 出で 0.000006
1 典『 0.000006
1 典: 0.000006
1 公団 0.000006
1 全な 0.000006
1 催時 0.000006
1 備考 0.000006
1 作成 0.000006
1 住友 0.000006
1 位ま 0.000006
1 会（ 0.000006
1 会場 0.000006
1 会よ 0.000006
1 会。 0.000006
1 会
 0.000006
1 以前 0.000006
1 代決 0.000006
1 代替 0.000006
1 今大 0.000006
1 人選 0.000006
1 交互 0.000006
1 井化 0.000006
1 互で 0.000006
1 事典 0.000006
1 予選 0.000006
1 三井 0.000006
1 一覧 0.000006
1 ー百 0.000006
1 ー大 0.000006
1 ート 0.000006
1 ーツ 0.000006
1 ーシ 0.000006
1 ーの 0.000006
1 ・社 0.000006
1 ・マ 0.000006
1 ンラ 0.000006
1 ンケ 0.000006
1 ンク 0.000006
1 ン, 0.000006
1 ワー 0.000006
1 ロソ 0.000006
1 ル（ 0.000006
1 ル選 0.000006
1 ルド 0.000006
1 リン 0.000006
1 リ: 0.000006
1 ライ 0.000006
1 ョン 0.000006
1 ャパ 0.000006
1 ム（ 0.000006
1 ムの 0.000006
1 ムず 0.000006
1 マイ 0.000006
1 ポー 0.000006
1 ペデ 0.000006
1 ベン 0.000006
1 プー 0.000006
1 プリ 0.000006
1 プが 0.000006
1 プ8 0.000006
1 フリ 0.000006
1 フト 0.000006
1 ビゲ 0.000006
1 パン 0.000006
1 ネッ 0.000006
1 ナビ 0.000006
1 ド  0.000006
1 ト・ 0.000006
1 トラ 0.000006
1 トカ 0.000006
1 トに 0.000006
1 トで 0.000006
1 トだ 0.000006
1 ト  0.000006
1 ディ 0.000006
1 テゴ 0.000006
1 ツ・ 0.000006
1 ソフ 0.000006
1 スポ 0.000006
1 ジャ 0.000006
1 ショ 0.000006
1 ゴリ 0.000006
1 ゲー 0.000006
1 ケイ 0.000006
1 グ戦 0.000006
1 グ創 0.000006
1 グの 0.000006
1 クロ 0.000006
1 ク  0.000006
1 キペ 0.000006
1 カテ 0.000006
1 カッ 0.000006
1 ウィ 0.000006
1 イ数 0.000006
1 イベ 0.000006
1 イス 0.000006
1 イク 0.000006
1 ィキ 0.000006
1 ィア 0.000006
1 ア（ 0.000006
1 んこ 0.000006
1 ん  0.000006
1 を行 0.000006
1 を得 0.000006
1 を引 0.000006
1 をテ 0.000006
1 る。 0.000006
1 り日 0.000006
1 り作 0.000006
1 らト 0.000006
1 らの 0.000006
1 ら4 0.000006
1 ゃか 0.000006
1 も辞 0.000006
1 も優 0.000006
1 もト 0.000006
1 もの 0.000006
1 め発 0.000006
1 め富 0.000006
1 み） 0.000006
1 また 0.000006
1 は近 0.000006
1 は決 0.000006
1 は毎 0.000006
1 は朝 0.000006
1 は完 0.000006
1 は優 0.000006
1 はテ 0.000006
1 はな 0.000006
1 はN 0.000006
1 は2 0.000006
1 の模 0.000006
1 の役 0.000006
1 の出 0.000006
1 の会 0.000006
1 のラ 0.000006
1 のジ 0.000006
1 のイ 0.000006
1 のみ 0.000006
1 のの 0.000006
1 のた 0.000006
1 の、 0.000006
1 の8 0.000006
1 の3 0.000006
1 に進 0.000006
1 に分 0.000006
1 には 0.000006
1 な後 0.000006
1 なト 0.000006
1 など 0.000006
1 どか 0.000006
1 で秩 0.000006
1 で新 0.000006
1 で放 0.000006
1 でサ 0.000006
1 での 0.000006
1 でき 0.000006
1 でい 0.000006
1 てい 0.000006
1 つ4 0.000006
1 った 0.000006
1 だっ 0.000006
1 た近 0.000006
1 た予 0.000006
1 たラ 0.000006
1 たた 0.000006
1 たが 0.000006
1 その 0.000006
1 ぜん 0.000006
1 ずつ 0.000006
1 じん 0.000006
1 しゃ 0.000006
1 しな 0.000006
1 して 0.000006
1 し、 0.000006
1 この 0.000006
1 こく 0.000006
1 けた 0.000006
1 くし 0.000006
1 き継 0.000006
1 きた 0.000006
1 が決 0.000006
1 が拡 0.000006
1 が出 0.000006
1 が代 0.000006
1 がそ 0.000006
1 が、 0.000006
1 かい 0.000006
1 い競 0.000006
1 いる 0.000006
1 いも 0.000006
1 いで 0.000006
1 いた 0.000006
1 いじ 0.000006
1 い、 0.000006
1 〜2 0.000006
1 〜1 0.000006
1 』
 0.000006
1 『ウ 0.000006
1 」よ 0.000006
1 「h 0.000006
1 。決 0.000006
1 。抽 0.000006
1 。ト 0.000006
1 。ま 0.000006
1 。  0.000006
1 、関 0.000006
1 、開 0.000006
1 、西 0.000006
1 、各 0.000006
1 、以 0.000006
1 、1 0.000006
1 −9 0.000006
1 →日 0.000006
1 tt 0.000006
1 tp 0.000006
1 rg 0.000006
1 p: 0.000006
1 or 0.000006
1 ja 0.000006
1 i/ 0.000006
1 ht 0.000006
1 g/ 0.000006
1 a） 0.000006
1 Wi 0.000006
1 NH 0.000006
1 K杯 0.000006
1 HK 0.000006
1 E7 0.000006
1 E% 0.000006
1 D% 0.000006
1 BE 0.000006
1 BD 0.000006
1 B0 0.000006
1 A」 0.000006
1 AB 0.000006
1 A9 0.000006
1 A8 0.000006
1 A7 0.000006
1 :/ 0.000006
1 9C 0.000006
1 9B 0.000006
1 92 0.000006
1 91 0.000006
1 90 0.000006
1 9% 0.000006
1 8ト 0.000006
1 8チ 0.000006
1 89 0.000006
1 87 0.000006
1 86 0.000006
1 84 0.000006
1 81 0.000006
1 80 0.000006
1 79 0.000006
1 78 0.000006
1 77 0.000006
1 76 0.000006
1 75 0.000006
1 74 0.000006
1 73 0.000006
1 72 0.000006
1 71 0.000006
1 70 0.000006
1 69 0.000006
1 68 0.000006
1 67 0.000006
1 66 0.000006
1 65 0.000006
1 64 0.000006
1 63 0.000006
1 62 0.000006
1 61 0.000006
1 60 0.000006
1 5年 0.000006
1 59 0.000006
1 58 0.000006
1 56 0.000006
1 4組 0.000006
1 4年 0.000006
1 4チ 0.000006
1 4〜 0.000006
1 47 0.000006
1 46 0.000006
1 45 0.000006
1 44 0.000006
1 43 0.000006
1 42 0.000006
1 41 0.000006
1 40 0.000006
1 3地 0.000006
1 3で 0.000006
1 3〜 0.000006
1 34 0.000006
1 33 0.000006
1 30 0.000006
1 2年 0.000006
1 2位 0.000006
1 2% 0.000006
1 04 0.000006
1 03 0.000006
1 01 0.000006
1 0% 0.000006
1 /w 0.000006
1 /j 0.000006
1 // 0.000006
1 /% 0.000006
1 .w 0.000006
1 .o 0.000006
1 ,  0.000006
1  ） 0.000006
1  配 0.000006
1  谷 0.000006
1  結 0.000006
1  現 0.000006
1  準 0.000006
1  歴 0.000006
1  検 0.000006
1  朝 0.000006
1  最 0.000006
1  放 0.000006
1  年 0.000006
1  川 0.000006
1  大 0.000006
1  外 0.000006
1  優 0.000006
1  備 0.000006
1  住 0.000006
1  今 0.000006
1  京 0.000006
1  ワ 0.000006
1  フ 0.000006
1  ナ 0.000006
1  9 0.000006
1  8 0.000006
1  4 0.000006
1 
近 0.000006
1 
移 0.000006
1 
直 0.000006
1 
東 0.000006
1 
太 0.000006
1 
回 0.000006
1 
出 0.000006
1 
全 0.000006
1 
三 0.000006
1 
リ 0.000006
1 
サ 0.000006
1 
カ 0.000006
1 
こ 0.000006
1 
「 0.000006
1 
9 0.000006
1 
8 0.000006
1 
7 0.000006
1 
6 0.000006
