31 19 0.000325
29  
 0.000304
28  - 0.000293
21 日  0.000220
19 ：1 0.000199
17 佐： 0.000178
15  [ 0.000157
14 月1 0.000147
14 少佐 0.000147
14 -
 0.000147
14  少 0.000147
14 
1 0.000147
12 月  0.000126
12 年1 0.000126
12 93 0.000126
12 5日 0.000126
11 92 0.000115
11 15 0.000115
11 12 0.000115
11 -  0.000115
11 
  0.000115
10 駆逐 0.000105
10 ]
 0.000105
9 逐艦 0.000094
9 月2 0.000094
9 11 0.000094
8 日本 0.000084
8 。
 0.000084
8 ]  0.000084
8 [I 0.000084
8 I] 0.000084
8 II 0.000084
8 1月 0.000084
8 %E 0.000084
8 %8 0.000084
8  1 0.000084
7 編集 0.000073
7 た。 0.000073
7 6年 0.000073
7 2. 0.000073
6 集] 0.000063
6 菊月 0.000063
6 海軍 0.000063
6 年） 0.000063
6 [編 0.000063
6 94 0.000063
6 5月 0.000063
6 0日 0.000063
6 
2 0.000063
6 

 0.000063
5 長  0.000052
5 艦長 0.000052
5 年5 0.000052
5 作戦 0.000052
5 した 0.000052
5 5年 0.000052
5 37 0.000052
5 2年 0.000052
5 26 0.000052
5 25 0.000052
5 20 0.000052
5 1日 0.000052
5 10 0.000052
5 %9 0.000052
4 睦月 0.000042
4 略作 0.000042
4 本海 0.000042
4 攻略 0.000042
4 年（ 0.000042
4 年6 0.000042
4 され 0.000042
4 、1 0.000042
4 7年 0.000042
4 6月 0.000042
4 6% 0.000042
4 3年 0.000042
4 2月 0.000042
4 1. 0.000042
4 00 0.000042
4  艦 0.000042
3 ）』 0.000031
3 ）  0.000031
3 雄  0.000031
3 軍艦 0.000031
3 艦歴 0.000031
3 艦名 0.000031
3 第1 0.000031
3 月型 0.000031
3 昭和 0.000031
3 日に 0.000031
3 型駆 0.000031
3 中佐 0.000031
3 トン 0.000031
3 る。 0.000031
3 』（ 0.000031
3 『日 0.000031
3 m  0.000031
3 ki 0.000031
3 ik 0.000031
3 ^  0.000031
3 :  0.000031
3 9月 0.000031
3 9% 0.000031
3 8年 0.000031
3 8% 0.000031
3 7. 0.000031
3 50 0.000031
3 45 0.000031
3 42 0.000031
3 30 0.000031
3 3. 0.000031
3 23 0.000031
3 0年 0.000031
3 .^ 0.000031
3 -[ 0.000031
3 %A 0.000031
3  第 0.000031
3  中 0.000031
3  4 0.000031
3 
3 0.000031
2 ？） 0.000021
2 ）
 0.000021
2 （？ 0.000021
2 （第 0.000021
2 （昭 0.000021
2 （大 0.000021
2 鶴工 0.000021
2 魚雷 0.000021
2 雷1 0.000021
2 隊第 0.000021
2 除籍 0.000021
2 門
 0.000021
2 長
 0.000021
2 造船 0.000021
2 軍人 0.000021
2 計画 0.000021
2 装員 0.000021
2 藤二 0.000021
2 艦本 0.000021
2 艦。 0.000021
2 艦  0.000021
2 艤装 0.000021
2 航空 0.000021
2 舞鶴 0.000021
2 脚注 0.000021
2 考文 0.000021
2 第三 0.000021
2 第2 0.000021
2 竣工 0.000021
2 社、 0.000021
2 爆雷 0.000021
2 水  0.000021
2 歴代 0.000021
2 歴  0.000021
2 正1 0.000021
2 本式 0.000021
2 本の 0.000021
2 朗  0.000021
2 月」 0.000021
2 月5 0.000021
2 方面 0.000021
2 斎藤 0.000021
2 文献 0.000021
2 撃を 0.000021
2 手帳 0.000021
2 所属 0.000021
2 戦争 0.000021
2 戦に 0.000021
2 建造 0.000021
2 年式 0.000021
2 年9 0.000021
2 帳（ 0.000021
2 巻』 0.000021
2 工作 0.000021
2 工  0.000021
2 属し 0.000021
2 大正 0.000021
2 基
 0.000021
2 員長 0.000021
2 名は 0.000021
2 同上 0.000021
2 吉  0.000021
2 号駆 0.000021
2 史  0.000021
2 受け 0.000021
2 参考 0.000021
2 参加 0.000021
2 十一 0.000021
2 加し 0.000021
2 力  0.000021
2 光人 0.000021
2 作部 0.000021
2 会『 0.000021
2 代艦 0.000021
2 人社 0.000021
2 人事 0.000021
2 二朗 0.000021
2 事手 0.000021
2 上。 0.000021
2 三十 0.000021
2 一号 0.000021
2 一  0.000021
2 ン  0.000021
2 ラギ 0.000021
2 ノッ 0.000021
2 ツラ 0.000021
2 ット 0.000021
2 を受 0.000021
2 れた 0.000021
2 より 0.000021
2 また 0.000021
2 の駆 0.000021
2 の軍 0.000021
2 に所 0.000021
2 に参 0.000021
2 によ 0.000021
2 であ 0.000021
2 する 0.000021
2 』
 0.000021
2 」と 0.000021
2 「菊 0.000021
2 。艦 0.000021
2 。ま 0.000021
2 、ラ 0.000021
2 、ツ 0.000021
2 wi 0.000021
2 pe 0.000021
2 ip 0.000021
2 ia 0.000021
2 ed 0.000021
2 di 0.000021
2 cm 0.000021
2 a. 0.000021
2 SB 0.000021
2 N  0.000021
2 IS 0.000021
2 E9 0.000021
2 E8 0.000021
2 E6 0.000021
2 C% 0.000021
2 BN 0.000021
2 A6 0.000021
2 9年 0.000021
2 9C 0.000021
2 99 0.000021
2 98 0.000021
2 90 0.000021
2 9. 0.000021
2 8月 0.000021
2 88 0.000021
2 7% 0.000021
2 6. 0.000021
2 5ト 0.000021
2 5. 0.000021
2 4. 0.000021
2 4- 0.000021
2 38 0.000021
2 36 0.000021
2 2基 0.000021
2 2m 0.000021
2 29 0.000021
2 28 0.000021
2 2- 0.000021
2 2  0.000021
2 1年 0.000021
2 16 0.000021
2 14 0.000021
2 1, 0.000021
2 1  0.000021
2 02 0.000021
2 0% 0.000021
2 .森 0.000021
2 .斎 0.000021
2 .7 0.000021
2 .2 0.000021
2 .1 0.000021
2 -0 0.000021
2 ,5 0.000021
2  艤 0.000021
2  脚 0.000021
2  歴 0.000021
2  日 0.000021
2  同 0.000021
2  参 0.000021
2 
艦 0.000021
2 
爆 0.000021
2 
大 0.000021
2 
全 0.000021
2 
6 0.000021
2 
4 0.000021
1 ）度 0.000010
1 ）小 0.000010
1 ）は 0.000010
1 ）か 0.000010
1 ）I 0.000010
1 ）8 0.000010
1 ）1 0.000010
1 （計 0.000010
1 （原 0.000010
1 （兼 0.000010
1 （八 0.000010
1 （光 0.000010
1 （き 0.000010
1 （W 0.000010
1 駐作 0.000010
1 馬時 0.000010
1 馬力 0.000010
1 風型 0.000010
1 類別 0.000010
1 面に 0.000010
1 面、 0.000010
1 非表 0.000010
1 雷発 0.000010
1 雷投 0.000010
1 離  0.000010
1 雑誌 0.000010
1 集部 0.000010
1 隠す 0.000010
1 隊に 0.000010
1 関  0.000010
1 間英 0.000010
1 開戦 0.000010
1 長月 0.000010
1 長た 0.000010
1 鎮守 0.000010
1 銃2 0.000010
1 鉄夫 0.000010
1 金田 0.000010
1 量  0.000010
1 重油 0.000010
1 里  0.000010
1 部で 0.000010
1 部『 0.000010
1 部  0.000010
1 郎  0.000010
1 邇  0.000010
1 進駐 0.000010
1 進水 0.000010
1 進出 0.000010
1 連装 0.000010
1 造所 0.000010
1 造さ 0.000010
1 速力 0.000010
1 逐隊 0.000010
1 軸、 0.000010
1 軍歴 0.000010
1 軍撮 0.000010
1 軍史 0.000010
1 軍の 0.000010
1 距離 0.000010
1 起工 0.000010
1 護衛 0.000010
1 誌「 0.000010
1 話・ 0.000010
1 覧  0.000010
1 規出 0.000010
1 要目 0.000010
1 要人 0.000010
1 西要 0.000010
1 装魚 0.000010
1 装砲 0.000010
1 装  0.000010
1 表示 0.000010
1 表・ 0.000010
1 衛に 0.000010
1 藤俊 0.000010
1 英邇 0.000010
1 艦） 0.000010
1 艦隊 0.000010
1 艦艇 0.000010
1 艦史 0.000010
1 艦の 0.000010
1 艦に 0.000010
1 艦で 0.000010
1 艦」 0.000010
1 艦I 0.000010
1 艦) 0.000010
1 艇一 0.000010
1 船学 0.000010
1 船団 0.000010
1 船史 0.000010
1 航続 0.000010
1 脩一 0.000010
1 翌5 0.000010
1 美  0.000010
1 缶4 0.000010
1 編・ 0.000010
1 緒戦 0.000010
1 続距 0.000010
1 続い 0.000010
1 経雄 0.000010
1 索  0.000010
1 米軍 0.000010
1 籍。 0.000010
1 籍  0.000010
1 管2 0.000010
1 等駆 0.000010
1 第一 0.000010
1 第7 0.000010
1 第3 0.000010
1 空艦 0.000010
1 空母 0.000010
1 空戦 0.000010
1 移動 0.000010
1 科事 0.000010
1 神風 0.000010
1 示] 0.000010
1 破放 0.000010
1 砲4 0.000010
1 真  0.000010
1 目（ 0.000010
1 目次 0.000010
1 目。 0.000010
1 皐月 0.000010
1 百科 0.000010
1 発射 0.000010
1 番艦 0.000010
1 留式 0.000010
1 画） 0.000010
1 画艦 0.000010
1 田鉄 0.000010
1 田清 0.000010
1 生  0.000010
1 理  0.000010
1 献  0.000010
1 献
 0.000010
1 版、 0.000010
1 爆撃 0.000010
1 燃料 0.000010
1 無月 0.000010
1 準： 0.000010
1 清之 0.000010
1 海里 0.000010
1 海岸 0.000010
1 浜中 0.000010
1 洋戦 0.000010
1 注  0.000010
1 注
 0.000010
1 法規 0.000010
1 油4 0.000010
1 没し 0.000010
1 沈没 0.000010
1 江口 0.000010
1 水量 0.000010
1 水無 0.000010
1 母機 0.000010
1 歴睦 0.000010
1 歴史 0.000010
1 歴
 0.000010
1 次  0.000010
1 機関 0.000010
1 機銃 0.000010
1 機の 0.000010
1 検索 0.000010
1 森幸 0.000010
1 森寛 0.000010
1 棄さ 0.000010
1 林徹 0.000010
1 松郎 0.000010
1 本） 0.000010
1 本造 0.000010
1 本帝 0.000010
1 望月 0.000010
1 有馬 0.000010
1 月（ 0.000010
1 月の 0.000010
1 月。 0.000010
1 月、 0.000010
1 月4 0.000010
1 月3 0.000010
1 書房 0.000010
1 暦で 0.000010
1 時吉 0.000010
1 時は 0.000010
1 旧暦 0.000010
1 日（ 0.000010
1 日除 0.000010
1 日月 0.000010
1 日中 0.000010
1 日、 0.000010
1 料  0.000010
1 文月 0.000010
1 敏一 0.000010
1 放棄 0.000010
1 攻撃 0.000010
1 改名 0.000010
1 支方 0.000010
1 支援 0.000010
1 支、 0.000010
1 擱座 0.000010
1 操『 0.000010
1 撮影 0.000010
1 損傷 0.000010
1 援し 0.000010
1 排水 0.000010
1 挺
 0.000010
1 投射 0.000010
1 所  0.000010
1 房、 0.000010
1 戦隊 0.000010
1 戦時 0.000010
1 戦中 0.000010
1 戦を 0.000010
1 戦は 0.000010
1 戦の 0.000010
1 成
 0.000010
1 恒雄 0.000010
1 徹理 0.000010
1 従事 0.000010
1 後、 0.000010
1 径三 0.000010
1 影。 0.000010
1 当初 0.000010
1 弥生 0.000010
1 式魚 0.000010
1 式缶 0.000010
1 式タ 0.000010
1 式7 0.000010
1 式1 0.000010
1 座、 0.000010
1 度計 0.000010
1 度爆 0.000010
1 府に 0.000010
1 幸吉 0.000010
1 年。 0.000010
1 年、 0.000010
1 年8 0.000010
1 年4 0.000010
1 平洋 0.000010
1 幅  0.000010
1 常備 0.000010
1 帝国 0.000010
1 巻  0.000010
1 工、 0.000010
1 崎利 0.000010
1 島攻 0.000010
1 島崎 0.000010
1 岸に 0.000010
1 山田 0.000010
1 山操 0.000010
1 小西 0.000010
1 小林 0.000010
1 射管 0.000010
1 射器 0.000010
1 寛  0.000010
1 守府 0.000010
1 学会 0.000010
1 存会 0.000010
1 字恒 0.000010
1 如月 0.000010
1 失  0.000010
1 夫  0.000010
1 太平 0.000010
1 大破 0.000010
1 大日 0.000010
1 大前 0.000010
1 外山 0.000010
1 夕月 0.000010
1 基準 0.000010
1 基6 0.000010
1 型の 0.000010
1 国海 0.000010
1 団護 0.000010
1 器
 0.000010
1 喪失 0.000010
1 員  0.000010
1 和造 0.000010
1 和3 0.000010
1 和1 0.000010
1 名で 0.000010
1 名さ 0.000010
1 名  0.000010
1 同年 0.000010
1 各攻 0.000010
1 吃水 0.000010
1 号艦 0.000010
1 史保 0.000010
1 史』 0.000010
1 口松 0.000010
1 口径 0.000010
1 原書 0.000010
1 印進 0.000010
1 卯月 0.000010
1 単装 0.000010
1 南支 0.000010
1 勢経 0.000010
1 動: 0.000010
1 前敏 0.000010
1 刷） 0.000010
1 利雄 0.000010
1 別さ 0.000010
1 初代 0.000010
1 初は 0.000010
1 出版 0.000010
1 出典 0.000010
1 出す 0.000010
1 写真 0.000010
1 再度 0.000010
1 兼） 0.000010
1 典『 0.000010
1 典: 0.000010
1 兵装 0.000010
1 八年 0.000010
1 全長 0.000010
1 全幅 0.000010
1 傷し 0.000010
1 備： 0.000010
1 個  0.000010
1 保鎮 0.000010
1 保存 0.000010
1 俊美 0.000010
1 作間 0.000010
1 作成 0.000010
1 佐藤 0.000010
1 佐世 0.000010
1 代神 0.000010
1 代目 0.000010
1 仏印 0.000010
1 人  0.000010
1 事典 0.000010
1 事す 0.000010
1 争開 0.000010
1 争に 0.000010
1 乗員 0.000010
1 之  0.000010
1 丸」 0.000010
1 中脩 0.000010
1 中支 0.000010
1 中戦 0.000010
1 中に 0.000010
1 世保 0.000010
1 三日 0.000010
1 三年 0.000010
1 七字 0.000010
1 一覧 0.000010
1 一等 0.000010
1 一法 0.000010
1 ー百 0.000010
1 ービ 0.000010
1 ーシ 0.000010
1 ・話 0.000010
1 ・編 0.000010
1 ・歴 0.000010
1 ン、 0.000010
1 ン2 0.000010
1 ン, 0.000010
1 ロ号 0.000010
1 ル方 0.000010
1 ルテ 0.000010
1 リー 0.000010
1 リカ 0.000010
1 リ: 0.000010
1 ラル 0.000010
1 ラモ 0.000010
1 ラバ 0.000010
1 ラエ 0.000010
1 ョン 0.000010
1 モア 0.000010
1 メリ 0.000010
1 ム島 0.000010
1 ミラ 0.000010
1 ペデ 0.000010
1 フリ 0.000010
1 ビン 0.000010
1 ビゲ 0.000010
1 バウ 0.000010
1 ナビ 0.000010
1 ドミ 0.000010
1 トで 0.000010
1 ト  0.000010
1 ディ 0.000010
1 テゴ 0.000010
1 ティ 0.000010
1 ター 0.000010
1 ショ 0.000010
1 サラ 0.000010
1 ゴリ 0.000010
1 ゲー 0.000010
1 グア 0.000010
1 ギ攻 0.000010
1 ギに 0.000010
1 キペ 0.000010
1 カ空 0.000010
1 カテ 0.000010
1 エと 0.000010
1 ウル 0.000010
1 ウィ 0.000010
1 ィ攻 0.000010
1 ィキ 0.000010
1 ィア 0.000010
1 ア（ 0.000010
1 アメ 0.000010
1 アム 0.000010
1 アド 0.000010
1 アの 0.000010
1 を支 0.000010
1 れ、 0.000010
1 れ1 0.000010
1 る
 0.000010
1 り作 0.000010
1 り中 0.000010
1 り、 0.000010
1 らの 0.000010
1 よる 0.000010
1 は第 0.000010
1 は旧 0.000010
1 は日 0.000010
1 は初 0.000010
1 はグ 0.000010
1 は「 0.000010
1 の船 0.000010
1 の日 0.000010
1 の攻 0.000010
1 の後 0.000010
1 の各 0.000010
1 のこ 0.000010
1 の「 0.000010
1 の9 0.000010
1 に類 0.000010
1 に進 0.000010
1 に続 0.000010
1 に竣 0.000010
1 に擱 0.000010
1 に従 0.000010
1 に再 0.000010
1 にア 0.000010
1 にて 0.000010
1 に「 0.000010
1 と改 0.000010
1 とサ 0.000010
1 とい 0.000010
1 と。 0.000010
1 で建 0.000010
1 で9 0.000010
1 で4 0.000010
1 て米 0.000010
1 て沈 0.000010
1 てい 0.000010
1 て2 0.000010
1 づき 0.000010
1 ちの 0.000010
1 た菊 0.000010
1 た仏 0.000010
1 たア 0.000010
1 たち 0.000010
1 その 0.000010
1 す] 0.000010
1 し海 0.000010
1 して 0.000010
1 こと 0.000010
1 け損 0.000010
1 けて 0.000010
1 くづ 0.000010
1 き） 0.000010
1 きく 0.000010
1 から 0.000010
1 う艦 0.000010
1 いて 0.000010
1 いた 0.000010
1 いう 0.000010
1 ある 0.000010
1 あり 0.000010
1 』光 0.000010
1 』に 0.000010
1 『艦 0.000010
1 『昭 0.000010
1 『写 0.000010
1 『ウ 0.000010
1 」編 0.000010
1 」よ 0.000010
1 」に 0.000010
1 「第 0.000010
1 「丸 0.000010
1 「h 0.000010
1 。舞 0.000010
1 。緒 0.000010
1 。睦 0.000010
1 。当 0.000010
1 。同 0.000010
1 。そ 0.000010
1 。1 0.000010
1 。  0.000010
1 、翌 0.000010
1 、第 0.000010
1 、常 0.000010
1 、南 0.000010
1 、佐 0.000010
1 、一 0.000010
1 、3 0.000010
1 、2 0.000010
1 tt 0.000010
1 tp 0.000010
1 rg 0.000010
1 p: 0.000010
1 or 0.000010
1 m機 0.000010
1 m単 0.000010
1 mm 0.000010
1 m3 0.000010
1 ja 0.000010
1 i/ 0.000010
1 ht 0.000010
1 g/ 0.000010
1 a） 0.000010
1 _( 0.000010
1 ]表 0.000010
1 [非 0.000010
1 [隠 0.000010
1 [3 0.000010
1 [2 0.000010
1 [1 0.000010
1 Wi 0.000010
1 I』 0.000010
1 F% 0.000010
1 E7 0.000010
1 E5 0.000010
1 E% 0.000010
1 D% 0.000010
1 B% 0.000010
1 A7 0.000010
1 A% 0.000010
1 :/ 0.000010
1 9番 0.000010
1 9日 0.000010
1 9E 0.000010
1 9D 0.000010
1 95 0.000010
1 8_ 0.000010
1 8F 0.000010
1 8B 0.000010
1 8A 0.000010
1 89 0.000010
1 86 0.000010
1 81 0.000010
1 80 0.000010
1 8. 0.000010
1 8- 0.000010
1 8, 0.000010
1 7巻 0.000010
1 7m 0.000010
1 76 0.000010
1 72 0.000010
1 6門 0.000010
1 6m 0.000010
1 69 0.000010
1 62 0.000010
1 61 0.000010
1 60 0.000010
1 6) 0.000010
1 5口 0.000010
1 5ノ 0.000010
1 56 0.000010
1 54 0.000010
1 5% 0.000010
1 4門 0.000010
1 4月 0.000010
1 4日 0.000010
1 4年 0.000010
1 4基 0.000010
1 4名 0.000010
1 4ノ 0.000010
1 46 0.000010
1 44 0.000010
1 43 0.000010
1 41 0.000010
1 40 0.000010
1 4, 0.000010
1 4  0.000010
1 3駆 0.000010
1 3連 0.000010
1 3日 0.000010
1 3刷 0.000010
1 3] 0.000010
1 39 0.000010
1 35 0.000010
1 34 0.000010
1 33 0.000010
1 31 0.000010
1 3  0.000010
1 2軸 0.000010
1 2航 0.000010
1 2本 0.000010
1 2日 0.000010
1 2挺 0.000010
1 2個 0.000010
1 2代 0.000010
1 2c 0.000010
1 2] 0.000010
1 2
 0.000010
1 1航 0.000010
1 1巻 0.000010
1 1c 0.000010
1 1] 0.000010
1 13 0.000010
1 1
 0.000010
1 0馬 0.000010
1 0海 0.000010
1 0月 0.000010
1 0巻 0.000010
1 0ト 0.000010
1 05 0.000010
1 04 0.000010
1 03 0.000010
1 0. 0.000010
1 0- 0.000010
1 /w 0.000010
1 /j 0.000010
1 // 0.000010
1 /% 0.000010
1 .（ 0.000010
1 .金 0.000010
1 .浜 0.000010
1 .江 0.000010
1 .有 0.000010
1 .島 0.000010
1 .山 0.000010
1 .小 0.000010
1 .大 0.000010
1 .勢 0.000010
1 .作 0.000010
1 .佐 0.000010
1 .七 0.000010
1 .w 0.000010
1 .o 0.000010
1 .9 0.000010
1 -7 0.000010
1 -5 0.000010
1 -2 0.000010
1 -1 0.000010
1 ,4 0.000010
1 ,3 0.000010
1 ,  0.000010
1 )」 0.000010
1 )
 0.000010
1 (睦 0.000010
1 (% 0.000010
1  駆 0.000010
1  長 0.000010
1  重 0.000010
1  菊 0.000010
1  舞 0.000010
1  皐 0.000010
1  水 0.000010
1  検 0.000010
1  望 0.000010
1  文 0.000010
1  弥 0.000010
1  如 0.000010
1  夕 0.000010
1  基 0.000010
1  卯 0.000010
1  三 0.000010
1  ロ 0.000010
1  フ 0.000010
1  ナ 0.000010
1  『 0.000010
1  I 0.000010
1  9 0.000010
1  3 0.000010
1  2 0.000010
1  ( 0.000010
1    0.000010
1 
（ 0.000010
1 
雑 0.000010
1 
除 0.000010
1 
進 0.000010
1 
速 0.000010
1 
起 0.000010
1 
要 0.000010
1 
菊 0.000010
1 
航 0.000010
1 
竣 0.000010
1 
移 0.000010
1 
睦 0.000010
1 
目 0.000010
1 
留 0.000010
1 
燃 0.000010
1 
海 0.000010
1 
機 0.000010
1 
日 0.000010
1 
排 0.000010
1 
建 0.000010
1 
太 0.000010
1 
外 0.000010
1 
喪 0.000010
1 
吃 0.000010
1 
出 0.000010
1 
兵 0.000010
1 
乗 0.000010
1 
カ 0.000010
1 
『 0.000010
1 
「 0.000010
1 
[ 0.000010
1 
9 0.000010
1 
8 0.000010
1 
7 0.000010
1 
5 0.000010
