59  19 0.000359
49   
 0.000298
17 近鉄  0.000104
16 ヨタ自 0.000097
16 トヨタ 0.000097
16  近鉄 0.000097
15  トヨ 0.000091
14 製鉄  0.000085
14 幡製鉄 0.000085
14 八幡製 0.000085
14 −3  0.000085
14  八幡 0.000085
12 鉄釜石 0.000073
12 製鋼  0.000073
12 神戸製 0.000073
12 戸製鋼 0.000073
12 3%8 0.000073
12 199 0.000073
12  神戸 0.000073
11 鉄 1 0.000067
11 鉄   0.000067
11 日鉄釜 0.000067
11 新日鉄 0.000067
11  
4 0.000067
11  
3 0.000067
11  
2 0.000067
11  
1 0.000067
10 釜石  0.000061
10 タ自工 0.000061
10 −0  0.000061
10 E3% 0.000061
10 83% 0.000061
10 198 0.000061
10 197 0.000061
10 196 0.000061
10 195 0.000061
10 %E3 0.000061
10 %83 0.000061
10  新日 0.000061
9 電機  0.000055
9 自工  0.000055
9 洋電機 0.000055
9 三洋電 0.000055
8 芝府中 0.000049
8 機   0.000049
8 東芝府 0.000049
8 府中  0.000049
8 ラグビ 0.000049
8 チーム 0.000049
8 グビー 0.000049
8  東芝 0.000049
7 選手権 0.000043
7 工   0.000043
7 ントリ 0.000043
7 トリー 0.000043
7 サント 0.000043
7 19− 0.000043
7  
5 0.000043
6 自動車 0.000037
6 動車  0.000037
6 リー  0.000037
6 タ自動 0.000037
6 200 0.000037
6 2 1 0.000037
6 1 1 0.000037
6  サン 0.000037
5 鋼 2 0.000030
5 本選手 0.000030
5 日本選 0.000030
5 リコー 0.000030
5 コー  0.000030
5 。

 0.000030
5 −6  0.000030
5 9 1 0.000030
5 8 1 0.000030
5 7 1 0.000030
5 6 1 0.000030
5 5 1 0.000030
5 4 1 0.000030
5 3 近 0.000030
5 3 1 0.000030
5 15  0.000030
5 0 1 0.000030
4 菱自工 0.000024
4 自工京 0.000024
4 東京三 0.000024
4 工京都 0.000024
4 京都  0.000024
4 京三洋 0.000024
4 中   0.000024
4 三菱自 0.000024
4 ー   0.000024
4 −15 0.000024
4 BC% 0.000024
4 9−0 0.000024
4 4%B 0.000024
4 %BC 0.000024
4  東京 0.000024
4  三菱 0.000024
4  三洋 0.000024
4  リコ 0.000024
4  20 0.000024
4  -  0.000024
3 集]
 0.000018
3 鋼   0.000018
3 車   0.000018
3 編集] 0.000018
3 社会人 0.000018
3 石 2 0.000018
3 石 1 0.000018
3 優勝。 0.000018
3 優勝  0.000018
3 両チー 0.000018
3 ーム優 0.000018
3 ーフッ 0.000018
3 ーナメ 0.000018
3 リーグ 0.000018
3 メント 0.000018
3 ム優勝 0.000018
3 ボール 0.000018
3 フット 0.000018
3 ビーフ 0.000018
3 ナメン 0.000018
3 トーナ 0.000018
3 トボー 0.000018
3 ットボ 0.000018
3 の大会 0.000018
3 た。
 0.000018
3 が日本 0.000018
3 −5  0.000018
3 iki 0.000018
3 [編集 0.000018
3 E5% 0.000018
3 E4% 0.000018
3 C%E 0.000018
3 8 ト 0.000018
3 7−1 0.000018
3 6 ト 0.000018
3 5−3 0.000018
3 5 東 0.000018
3 5 八 0.000018
3 3%9 0.000018
3 3 三 0.000018
3 3 ト 0.000018
3 27− 0.000018
3 27  0.000018
3 26  0.000018
3 15− 0.000018
3 13  0.000018
3 0 神 0.000018
3 0 ト 0.000018
3 - 両 0.000018
3 %E5 0.000018
3 %E4 0.000018
3  両チ 0.000018
3  [編 0.000018
3  6− 0.000018
3  27 0.000018
3  15 0.000018
2 電力  0.000012
2 鋼 3 0.000012
2 鋼 1 0.000012
2 鉄 6 0.000012
2 鉄 3 0.000012
2 鉄 2 0.000012
2 釜石が 0.000012
2 都   0.000012
2 進出  0.000012
2 車 1 0.000012
2 石 3 0.000012
2 況を担 0.000012
2 決勝戦 0.000012
2 権進出 0.000012
2 日本の 0.000012
2 手権進 0.000012
2 年シー 0.000012
2 工 1 0.000012
2 州電力 0.000012
2 実況を 0.000012
2 大会の 0.000012
2 大会  0.000012
2 場では 0.000012
2 国社会 0.000012
2 勝戦の 0.000012
2 出 
 0.000012
2 全国社 0.000012
2 位チー 0.000012
2 会人ラ 0.000012
2 人ラグ 0.000012
2 九州電 0.000012
2 中 1 0.000012
2 上位チ 0.000012
2 ー場で 0.000012
2 ール大 0.000012
2 ームが 0.000012
2 ーズン 0.000012
2 ーが実 0.000012
2 ー 2 0.000012
2 ンサー 0.000012
2 ンから 0.000012
2 レビ朝 0.000012
2 ル大会 0.000012
2 ビ朝日 0.000012
2 ビー場 0.000012
2 ナウン 0.000012
2 トップ 0.000012
2 テレビ 0.000012
2 ズンか 0.000012
2 シーズ 0.000012
2 サーが 0.000012
2 ウンサ 0.000012
2 アナウ 0.000012
2 を担当 0.000012
2 れた。 0.000012
2 の上位 0.000012
2 のアナ 0.000012
2 された 0.000012
2 が実況 0.000012
2 −8  0.000012
2 −7  0.000012
2 −27 0.000012
2 −26 0.000012
2 −13 0.000012
2 wik 0.000012
2 ped 0.000012
2 kip 0.000012
2 ipe 0.000012
2 edi 0.000012
2 dia 0.000012
2 C%9 0.000012
2 BA% 0.000012
2 A4% 0.000012
2 A%E 0.000012
2 9−3 0.000012
2 9−1 0.000012
2 995 0.000012
2 994 0.000012
2 9 神 0.000012
2 9 東 0.000012
2 8−3 0.000012
2 8−2 0.000012
2 8−1 0.000012
2 8%E 0.000012
2 7−3 0.000012
2 7 近 0.000012
2 7 東 0.000012
2 6−5 0.000012
2 6 近 0.000012
2 6 新 0.000012
2 55  0.000012
2 54  0.000012
2 53  0.000012
2 52  0.000012
2 51  0.000012
2 50  0.000012
2 5%A 0.000012
2 5 三 0.000012
2 5 ト 0.000012
2 5 サ 0.000012
2 4−3 0.000012
2 49  0.000012
2 48  0.000012
2 4 八 0.000012
2 31− 0.000012
2 31  0.000012
2 3%E 0.000012
2 3%B 0.000012
2 3%A 0.000012
2 3 八 0.000012
2 2−0 0.000012
2 29− 0.000012
2 28− 0.000012
2 25  0.000012
2 24− 0.000012
2 22− 0.000012
2 21  0.000012
2 2 八 0.000012
2 1−0 0.000012
2 194 0.000012
2 19  0.000012
2 18− 0.000012
2 17− 0.000012
2 16− 0.000012
2 16  0.000012
2 14  0.000012
2 13− 0.000012
2 11− 0.000012
2 11  0.000012
2 10  0.000012
2 1 神 0.000012
2 1 三 0.000012
2 002 0.000012
2 0 近 0.000012
2 0 東 0.000012
2 0 新 0.000012
2 0 八 0.000012
2 %BA 0.000012
2 %A4 0.000012
2 %9A 0.000012
2  日本 0.000012
2  九州 0.000012
2  |  0.000012
2  3− 0.000012
2  31 0.000012
2  29 0.000012
2  28 0.000012
2  24 0.000012
2  22 0.000012
2  18 0.000012
2  17 0.000012
2  16 0.000012
2  13 0.000012
2  11 0.000012
2 
20 0.000012
2 

  0.000012
1 ）を行 0.000006
1 ）は2 0.000006
1 ）が日 0.000006
1 ）』
 0.000006
1 （当初 0.000006
1 （リー 0.000006
1 （ぜん 0.000006
1 （Wi 0.000006
1 関西、 0.000006
1 開催時 0.000006
1 録 [ 0.000006
1 鉄花園 0.000006
1 鉄もト 0.000006
1 鉄 9 0.000006
1 鉄 8 0.000006
1 鉄 
 0.000006
1 重工  0.000006
1 配炭公 0.000006
1 都市役 0.000006
1 都 2 0.000006
1 都 1 0.000006
1 部リン 0.000006
1 選プー 0.000006
1 選で新 0.000006
1 進出で 0.000006
1 送のア 0.000006
1 送され 0.000006
1 送 [ 0.000006
1 退した 0.000006
1 近鉄花 0.000006
1 近鉄も 0.000006
1 辞退し 0.000006
1 車 2 0.000006
1 谷藤機 0.000006
1 設のた 0.000006
1 記録  0.000006
1 解消し 0.000006
1 覧
「 0.000006
1 西日本 0.000006
1 西、西 0.000006
1 行い、 0.000006
1 藤機械 0.000006
1 花園ラ 0.000006
1 自工も 0.000006
1 聞社の 0.000006
1 考 
 0.000006
1 績一覧 0.000006
1 継では 0.000006
1 継いで 0.000006
1 結果  0.000006
1 組に分 0.000006
1 組2位 0.000006
1 索 
 0.000006
1 系列全 0.000006
1 競技大 0.000006
1 移動: 0.000006
1 秩父宮 0.000006
1 科事典 0.000006
1 社のイ 0.000006
1 石が日 0.000006
1 石が代 0.000006
1 石 6 0.000006
1 石   0.000006
1 直接的 0.000006
1 的な後 0.000006
1 百科事 0.000006
1 発展解 0.000006
1 現存し 0.000006
1 父宮ラ 0.000006
1 炭公団 0.000006
1 準優勝 0.000006
1 消した 0.000006
1 決勝記 0.000006
1 決勝ト 0.000006
1 毎年交 0.000006
1 歴代決 0.000006
1 機械  0.000006
1 機 
 0.000006
1 権成績 0.000006
1 権大会 0.000006
1 権出場 0.000006
1 権を得 0.000006
1 権も優 0.000006
1 権には 0.000006
1 模様を 0.000006
1 様をテ 0.000006
1 検索  0.000006
1 械   0.000006
1 枠が拡 0.000006
1 果 準 0.000006
1 東日本 0.000006
1 杯→日 0.000006
1 本ラグ 0.000006
1 本のラ 0.000006
1 本の3 0.000006
1 本、関 0.000006
1 期など 0.000006
1 朝日系 0.000006
1 朝日新 0.000006
1 朝日放 0.000006
1 朝日の 0.000006
1 最後の 0.000006
1 替出場 0.000006
1 時期な 0.000006
1 映   0.000006
1 日系列 0.000006
1 日本ラ 0.000006
1 日本、 0.000006
1 日新聞 0.000006
1 日放送 0.000006
1 日のア 0.000006
1 新聞社 0.000006
1 数4− 0.000006
1 放送の 0.000006
1 放送さ 0.000006
1 放送  0.000006
1 接的な 0.000006
1 拡張さ 0.000006
1 担当し 0.000006
1 担当。 0.000006
1 抽選で 0.000006
1 技大会 0.000006
1 手権成 0.000006
1 手権大 0.000006
1 手権出 0.000006
1 手権も 0.000006
1 手権に 0.000006
1 所   0.000006
1 戦）を 0.000006
1 戦の模 0.000006
1 戦の会 0.000006
1 成績一 0.000006
1 成
カ 0.000006
1 得た。 0.000006
1 後継で 0.000006
1 後の大 0.000006
1 役所  0.000006
1 役割を 0.000006
1 当初は 0.000006
1 当して 0.000006
1 当。ま 0.000006
1 張され 0.000006
1 引き継 0.000006
1 度まで 0.000006
1 度 優 0.000006
1 年度ま 0.000006
1 年度  0.000006
1 年交互 0.000006
1 市役所 0.000006
1 工も辞 0.000006
1 工 日 0.000006
1 川崎重 0.000006
1 崎重工 0.000006
1 展解消 0.000006
1 富士鉄 0.000006
1 宮ラグ 0.000006
1 完全な 0.000006
1 学 3 0.000006
1 存しな 0.000006
1 字はN 0.000006
1 奔別  0.000006
1 太字は 0.000006
1 大映  0.000006
1 大会（ 0.000006
1 大会よ 0.000006
1 大会。 0.000006
1 大会
 0.000006
1 外部リ 0.000006
1 士鉄釜 0.000006
1 場権を 0.000006
1 場枠が 0.000006
1 場は毎 0.000006
1 場し、 0.000006
1 場 
 0.000006
1 地区リ 0.000006
1 園ラグ 0.000006
1 国ネッ 0.000006
1 団 5 0.000006
1 回 年 0.000006
1 各組2 0.000006
1 友奔別 0.000006
1 区リー 0.000006
1 化学  0.000006
1 勝記録 0.000006
1 勝トー 0.000006
1 勝チー 0.000006
1 勝。抽 0.000006
1 勝。ト 0.000006
1 勝。
 0.000006
1 勝 結 0.000006
1 勝 備 0.000006
1 勝 
 0.000006
1 動:  0.000006
1 力 3 0.000006
1 力   0.000006
1 創設の 0.000006
1 割を引 0.000006
1 前は完 0.000006
1 別   0.000006
1 初は優 0.000006
1 列全国 0.000006
1 分けた 0.000006
1 出場権 0.000006
1 出場枠 0.000006
1 出場し 0.000006
1 出場  0.000006
1 出典: 0.000006
1 出でき 0.000006
1 典『ウ 0.000006
1 典:  0.000006
1 公団  0.000006
1 全国ネ 0.000006
1 全なト 0.000006
1 優勝チ 0.000006
1 催時期 0.000006
1 備考  0.000006
1 作成
 0.000006
1 住友奔 0.000006
1 位まで 0.000006
1 会（ぜ 0.000006
1 会場は 0.000006
1 会人選 0.000006
1 会より 0.000006
1 会の出 0.000006
1 会の上 0.000006
1 会。
 0.000006
1 会 | 0.000006
1 会 
 0.000006
1 会
出 0.000006
1 以前は 0.000006
1 代決勝 0.000006
1 代替出 0.000006
1 今大会 0.000006
1 人選手 0.000006
1 京都市 0.000006
1 交互で 0.000006
1 井化学 0.000006
1 互で秩 0.000006
1 事典『 0.000006
1 予選プ 0.000006
1 中 最 0.000006
1 中 3 0.000006
1 三井化 0.000006
1 一覧
 0.000006
1 ー百科 0.000006
1 ー大会 0.000006
1 ール（ 0.000006
1 ール選 0.000006
1 ールド 0.000006
1 ーム（ 0.000006
1 ームの 0.000006
1 ームず 0.000006
1 ートッ 0.000006
1 ーツ・ 0.000006
1 ーショ 0.000006
1 ーグ戦 0.000006
1 ーグ創 0.000006
1 ーグの 0.000006
1 ーの大 0.000006
1 ーが日 0.000006
1 ー 今 0.000006
1 ー 5 0.000006
1 ー 4 0.000006
1 ー 3 0.000006
1 ー 
 0.000006
1 ・社会 0.000006
1 ・マイ 0.000006
1 ンラグ 0.000006
1 ント・ 0.000006
1 ントに 0.000006
1 ントだ 0.000006
1 ント  0.000006
1 ンケイ 0.000006
1 ンク  0.000006
1 ン,  0.000006
1 ワール 0.000006
1 ロソフ 0.000006
1 ル（リ 0.000006
1 ル選手 0.000006
1 ルド  0.000006
1 リー百 0.000006
1 リーが 0.000006
1 リンク 0.000006
1 リ:  0.000006
1 ライ数 0.000006
1 ョン, 0.000006
1 ャパン 0.000006
1 ム（当 0.000006
1 ムのみ 0.000006
1 ムずつ 0.000006
1 ムが決 0.000006
1 ムが出 0.000006
1 マイク 0.000006
1 ポーツ 0.000006
1 ペディ 0.000006
1 ベント 0.000006
1 プール 0.000006
1 プリー 0.000006
1 プがそ 0.000006
1 プ8ト 0.000006
1 フリー 0.000006
1 フトカ 0.000006
1 ビー大 0.000006
1 ビート 0.000006
1 ビーの 0.000006
1 ビゲー 0.000006
1 パンラ 0.000006
1 ネット 0.000006
1 ナビゲ 0.000006
1 ド   0.000006
1 ト・マ 0.000006
1 トライ 0.000006
1 トカッ 0.000006
1 トに進 0.000006
1 トで放 0.000006
1 トだっ 0.000006
1 ト | 0.000006
1 ディア 0.000006
1 テゴリ 0.000006
1 ツ・社 0.000006
1 ップリ 0.000006
1 ップが 0.000006
1 ップ8 0.000006
1 ットで 0.000006
1 ソフト 0.000006
1 スポー 0.000006
1 ジャパ 0.000006
1 ション 0.000006
1 サンケ 0.000006
1 ゴリ: 0.000006
1 ゲーシ 0.000006
1 ケイス 0.000006
1 グ戦） 0.000006
1 グ創設 0.000006
1 グの上 0.000006
1 クロソ 0.000006
1 ク [ 0.000006
1 キペデ 0.000006
1 カテゴ 0.000006
1 カップ 0.000006
1 ウィキ 0.000006
1 イ数4 0.000006
1 イベン 0.000006
1 イスポ 0.000006
1 イクロ 0.000006
1 ィキペ 0.000006
1 ィア（ 0.000006
1 ア（W 0.000006
1 んこく 0.000006
1 ん - 0.000006
1 を行い 0.000006
1 を得た 0.000006
1 を引き 0.000006
1 をテレ 0.000006
1 る。
 0.000006
1 り日本 0.000006
1 り作成 0.000006
1 らトッ 0.000006
1 らのジ 0.000006
1 ら4チ 0.000006
1 より日 0.000006
1 より作 0.000006
1 ゃかい 0.000006
1 も辞退 0.000006
1 も優勝 0.000006
1 もトヨ 0.000006
1 ものの 0.000006
1 め発展 0.000006
1 め富士 0.000006
1 み）が 0.000006
1 までは 0.000006
1 までの 0.000006
1 また近 0.000006
1 は近鉄 0.000006
1 は決勝 0.000006
1 は毎年 0.000006
1 は朝日 0.000006
1 は完全 0.000006
1 は優勝 0.000006
1 はテレ 0.000006
1 はない 0.000006
1 はNH 0.000006
1 は20 0.000006
1 の模様 0.000006
1 の役割 0.000006
1 の出場 0.000006
1 の会場 0.000006
1 のラグ 0.000006
1 のジャ 0.000006
1 のイベ 0.000006
1 のみ） 0.000006
1 のの、 0.000006
1 のため 0.000006
1 の、開 0.000006
1 の8チ 0.000006
1 の3地 0.000006
1 に進出 0.000006
1 に分け 0.000006
1 には近 0.000006
1 な後継 0.000006
1 なトー 0.000006
1 などか 0.000006
1 ない競 0.000006
1 ないも 0.000006
1 どから 0.000006
1 で秩父 0.000006
1 で新日 0.000006
1 で放送 0.000006
1 でサン 0.000006
1 では決 0.000006
1 では朝 0.000006
1 ではテ 0.000006
1 ではな 0.000006
1 での8 0.000006
1 できた 0.000006
1 でいる 0.000006
1 ていた 0.000006
1 つ4組 0.000006
1 ったが 0.000006
1 だった 0.000006
1 た近鉄 0.000006
1 た予選 0.000006
1 たラグ 0.000006
1 ため発 0.000006
1 ため富 0.000006
1 たため 0.000006
1 たが、 0.000006
1 た。決 0.000006
1 た。  0.000006
1 その役 0.000006
1 ぜんこ 0.000006
1 ずつ4 0.000006
1 じん  0.000006
1 しゃか 0.000006
1 しない 0.000006
1 してい 0.000006
1 したラ 0.000006
1 したた 0.000006
1 し、以 0.000006
1 この大 0.000006
1 こくし 0.000006
1 けた予 0.000006
1 くしゃ 0.000006
1 き継い 0.000006
1 きた。 0.000006
1 が決勝 0.000006
1 が拡張 0.000006
1 が出場 0.000006
1 が代替 0.000006
1 がその 0.000006
1 が、1 0.000006
1 からト 0.000006
1 からの 0.000006
1 から4 0.000006
1 かいじ 0.000006
1 い競技 0.000006
1 いる。 0.000006
1 いもの 0.000006
1 いでい 0.000006
1 いた。 0.000006
1 いじん 0.000006
1 い、各 0.000006
1 〜20 0.000006
1 〜19 0.000006
1 』
移 0.000006
1 『ウィ 0.000006
1 」より 0.000006
1 「ht 0.000006
1 。決勝 0.000006
1 。抽選 0.000006
1 。トラ 0.000006
1 。また 0.000006
1 。 
 0.000006
1 。
  0.000006
1 、関西 0.000006
1 、開催 0.000006
1 、西日 0.000006
1 、各組 0.000006
1 、以前 0.000006
1 、19 0.000006
1 −9  0.000006
1 −3で 0.000006
1 −31 0.000006
1 −25 0.000006
1 −21 0.000006
1 −19 0.000006
1 −16 0.000006
1 −14 0.000006
1 −11 0.000006
1 −10 0.000006
1 →日本 0.000006
1 | 現 0.000006
1 | 朝 0.000006
1 ttp 0.000006
1 tp: 0.000006
1 rg/ 0.000006
1 p:/ 0.000006
1 org 0.000006
1 ki/ 0.000006
1 ja. 0.000006
1 ia） 0.000006
1 ia. 0.000006
1 i/% 0.000006
1 htt 0.000006
1 g/w 0.000006
1 a）』 0.000006
1 a.w 0.000006
1 a.o 0.000006
1 ]
回 0.000006
1 ]
サ 0.000006
1 ]
2 0.000006
1 Wik 0.000006
1 NHK 0.000006
1 K杯→ 0.000006
1 HK杯 0.000006
1 E7% 0.000006
1 E%E 0.000006
1 D%E 0.000006
1 BE% 0.000006
1 BD% 0.000006
1 B0% 0.000006
1 B%E 0.000006
1 B%B 0.000006
1 A」よ 0.000006
1 AB% 0.000006
1 A9% 0.000006
1 A8% 0.000006
1 A7% 0.000006
1 A%B 0.000006
1 :// 0.000006
1 : 日 0.000006
1 : フ 0.000006
1 : ナ 0.000006
1 9−7 0.000006
1 9−6 0.000006
1 9−2 0.000006
1 9C% 0.000006
1 9B% 0.000006
1 9A」 0.000006
1 9A% 0.000006
1 999 0.000006
1 998 0.000006
1 997 0.000006
1 996 0.000006
1 993 0.000006
1 992 0.000006
1 991 0.000006
1 990 0.000006
1 99  0.000006
1 989 0.000006
1 988 0.000006
1 987 0.000006
1 986 0.000006
1 985 0.000006
1 984 0.000006
1 983 0.000006
1 982 0.000006
1 981 0.000006
1 980 0.000006
1 98  0.000006
1 979 0.000006
1 978 0.000006
1 977 0.000006
1 976 0.000006
1 975 0.000006
1 974 0.000006
1 973 0.000006
1 972 0.000006
1 971 0.000006
1 970 0.000006
1 97  0.000006
1 969 0.000006
1 968 0.000006
1 967 0.000006
1 966 0.000006
1 965 0.000006
1 964 0.000006
1 963 0.000006
1 962 0.000006
1 961 0.000006
1 960 0.000006
1 96  0.000006
1 95年 0.000006
1 959 0.000006
1 958 0.000006
1 957 0.000006
1 956 0.000006
1 955 0.000006
1 954 0.000006
1 953 0.000006
1 952 0.000006
1 951 0.000006
1 950 0.000006
1 95% 0.000006
1 95  0.000006
1 94〜 0.000006
1 949 0.000006
1 948 0.000006
1 94  0.000006
1 93% 0.000006
1 93  0.000006
1 92  0.000006
1 91  0.000006
1 90  0.000006
1 9%E 0.000006
1 9 近 0.000006
1 9 新 0.000006
1 9 八 0.000006
1 9 三 0.000006
1 8トー 0.000006
1 8チー 0.000006
1 89  0.000006
1 88% 0.000006
1 88  0.000006
1 87  0.000006
1 86  0.000006
1 85% 0.000006
1 85  0.000006
1 84  0.000006
1 83  0.000006
1 82% 0.000006
1 82  0.000006
1 81  0.000006
1 80  0.000006
1 8 配 0.000006
1 8 近 0.000006
1 8 神 0.000006
1 8 新 0.000006
1 8 八 0.000006
1 7−8 0.000006
1 7−2 0.000006
1 79  0.000006
1 78  0.000006
1 77  0.000006
1 76  0.000006
1 75  0.000006
1 74  0.000006
1 73  0.000006
1 72  0.000006
1 71  0.000006
1 70  0.000006
1 7%E 0.000006
1 7%A 0.000006
1 7 神 0.000006
1 7 リ 0.000006
1 7 ト 0.000006
1 7 サ 0.000006
1 7 - 0.000006
1 6−6 0.000006
1 6−3 0.000006
1 6−2 0.000006
1 6−0 0.000006
1 69  0.000006
1 68  0.000006
1 67  0.000006
1 66  0.000006
1 65  0.000006
1 64  0.000006
1 63  0.000006
1 62  0.000006
1 61  0.000006
1 60  0.000006
1 6 東 0.000006
1 6 川 0.000006
1 6 三 0.000006
1 6 ワ 0.000006
1 6 サ 0.000006
1 6 - 0.000006
1 5年シ 0.000006
1 5−6 0.000006
1 5−2 0.000006
1 59  0.000006
1 58  0.000006
1 57− 0.000006
1 57  0.000006
1 56  0.000006
1 50− 0.000006
1 5%E 0.000006
1 5%9 0.000006
1 5%8 0.000006
1 5 近 0.000006
1 5 2 0.000006
1 4組に 0.000006
1 4年シ 0.000006
1 4チー 0.000006
1 4〜1 0.000006
1 4−6 0.000006
1 4−5 0.000006
1 4−1 0.000006
1 47  0.000006
1 46  0.000006
1 45  0.000006
1 44  0.000006
1 43  0.000006
1 42  0.000006
1 41  0.000006
1 40  0.000006
1 4%A 0.000006
1 4 近 0.000006
1 4 神 0.000006
1 4 東 0.000006
1 4 新 0.000006
1 4 2 0.000006
1 3地区 0.000006
1 3でサ 0.000006
1 3〜2 0.000006
1 3−9 0.000006
1 3−8 0.000006
1 3−6 0.000006
1 3−3 0.000006
1 3−0 0.000006
1 39− 0.000006
1 39  0.000006
1 38− 0.000006
1 38  0.000006
1 37− 0.000006
1 37  0.000006
1 36− 0.000006
1 36  0.000006
1 35− 0.000006
1 35  0.000006
1 34  0.000006
1 33  0.000006
1 32− 0.000006
1 32  0.000006
1 30  0.000006
1 3 谷 0.000006
1 3 神 0.000006
1 3 東 0.000006
1 3 新 0.000006
1 3 京 0.000006
1 3 九 0.000006
1 3 リ 0.000006
1 3 2 0.000006
1 3 - 0.000006
1 2年度 0.000006
1 2位ま 0.000006
1 2−3 0.000006
1 2−1 0.000006
1 29  0.000006
1 28  0.000006
1 25− 0.000006
1 24  0.000006
1 23− 0.000006
1 23  0.000006
1 22  0.000006
1 20− 0.000006
1 20  0.000006
1 2%B 0.000006
1 2 神 0.000006
1 2 新 0.000006
1 2 リ 0.000006
1 2 サ 0.000006
1 1−3 0.000006
1 1−1 0.000006
1 18  0.000006
1 17  0.000006
1 14− 0.000006
1 12− 0.000006
1 12  0.000006
1 10− 0.000006
1 1 近 0.000006
1 1 新 0.000006
1 1 八 0.000006
1 1 リ 0.000006
1 1 サ 0.000006
1 0−7 0.000006
1 0−3 0.000006
1 0−1 0.000006
1 04年 0.000006
1 03〜 0.000006
1 02年 0.000006
1 02  0.000006
1 01  0.000006
1 004 0.000006
1 003 0.000006
1 001 0.000006
1 000 0.000006
1 00  0.000006
1 0%E 0.000006
1 0 大 0.000006
1 0 住 0.000006
1 0 九 0.000006
1 /wi 0.000006
1 /ja 0.000006
1 //j 0.000006
1 /%E 0.000006
1 .wi 0.000006
1 .or 0.000006
1 - ） 0.000006
1 , 検 0.000006
1 %E7 0.000006
1 %BE 0.000006
1 %BD 0.000006
1 %B0 0.000006
1 %AB 0.000006
1 %A9 0.000006
1 %A8 0.000006
1 %A7 0.000006
1 %9C 0.000006
1 %9B 0.000006
1 %95 0.000006
1 %93 0.000006
1 %88 0.000006
1 %85 0.000006
1 %82 0.000006
1  ）は 0.000006
1  配炭 0.000006
1  谷藤 0.000006
1  結果 0.000006
1  現存 0.000006
1  準優 0.000006
1  歴代 0.000006
1  検索 0.000006
1  朝日 0.000006
1  最後 0.000006
1  放送 0.000006
1  年度 0.000006
1  川崎 0.000006
1  大映 0.000006
1  外部 0.000006
1  優勝 0.000006
1  備考 0.000006
1  住友 0.000006
1  今大 0.000006
1  京都 0.000006
1  三井 0.000006
1  ワー 0.000006
1  フリ 0.000006
1  ナビ 0.000006
1  9− 0.000006
1  8− 0.000006
1  57 0.000006
1  50 0.000006
1  4− 0.000006
1  39 0.000006
1  38 0.000006
1  37 0.000006
1  36 0.000006
1  35 0.000006
1  32 0.000006
1  25 0.000006
1  23 0.000006
1  14 0.000006
1  12 0.000006
1  10 0.000006
1  
近 0.000006
1  
全 0.000006
1  
三 0.000006
1  
リ 0.000006
1  
9 0.000006
1  
8 0.000006
1  
7 0.000006
1  
6 0.000006
1  

 0.000006
1 
近鉄 0.000006
1 
移動 0.000006
1 
直接 0.000006
1 
東日 0.000006
1 
太字 0.000006
1 
回  0.000006
1 
出典 0.000006
1 
全国 0.000006
1 
三洋 0.000006
1 
リコ 0.000006
1 
サン 0.000006
1 
カテ 0.000006
1 
この 0.000006
1 
「h 0.000006
1 
9  0.000006
1 
8  0.000006
1 
7  0.000006
1 
6  0.000006
1 
55 0.000006
1 
54 0.000006
1 
53 0.000006
1 
52 0.000006
1 
51 0.000006
1 
50 0.000006
1 
5  0.000006
1 
49 0.000006
1 
48 0.000006
1 
47 0.000006
1 
46 0.000006
1 
45 0.000006
1 
44 0.000006
1 
43 0.000006
1 
42 0.000006
1 
41 0.000006
1 
40 0.000006
1 
4  0.000006
1 
39 0.000006
1 
38 0.000006
1 
37 0.000006
1 
36 0.000006
1 
35 0.000006
1 
34 0.000006
1 
33 0.000006
1 
32 0.000006
1 
31 0.000006
1 
30 0.000006
1 
3  0.000006
1 
29 0.000006
1 
28 0.000006
1 
27 0.000006
1 
26 0.000006
1 
25 0.000006
1 
24 0.000006
1 
23 0.000006
1 
22 0.000006
1 
21 0.000006
1 
2  0.000006
1 
19 0.000006
1 
18 0.000006
1 
17 0.000006
1 
16 0.000006
1 
15 0.000006
1 
14 0.000006
1 
13 0.000006
1 
12 0.000006
1 
11 0.000006
1 
10 0.000006
1 
1  0.000006
1 
 歴 0.000006
1 
 放 0.000006
1 
 外 0.000006
1 

直 0.000006
1 

東 0.000006
1 

太 0.000006
1 

こ 0.000006
